"","Island","West","Southeast","Central"
"1",0.274165925617678,0.174688046756525,0.238945694983784,0.312200332642013
"2",0.308241221736102,0.211277637681146,0.248135686036738,0.232345454546014
"3",0.296250688999864,0.191576457584924,0.286534444796674,0.225638408618538
"4",0.261438026814293,0.238718371654326,0.273474917044324,0.226368684487056
"5",0.293516022370564,0.218636516728762,0.25157958509813,0.236267875802544
"6",0.267329010431946,0.190778436350994,0.268215352862819,0.27367720035424
"7",0.2544092411676,0.209490996899342,0.287560553056857,0.248539208876201
"8",0.303151045709683,0.172490503866356,0.304076642106831,0.22028180831713
"9",0.276174901700922,0.198033929920914,0.269982903946767,0.255808264431397
"10",0.308373695329794,0.172943205245364,0.285985504067728,0.232697595357113
"11",0.275068365299309,0.227323652091759,0.257085351050235,0.240522631558697
"12",0.285616727299416,0.17770450002002,0.258854295283274,0.277824477397289
"13",0.290878130664293,0.202073392672015,0.258152941140123,0.248895535523569
"14",0.294138397146909,0.189863403885973,0.294509773762145,0.221488425204972
"15",0.304907050861889,0.200931261995766,0.252214705088474,0.241946982053871
"16",0.32219450209614,0.204135693904279,0.21808409779928,0.255585706200301
"17",0.229326554313612,0.134095908526398,0.271825342829798,0.364752194330192
"18",0.300214109982668,0.203840159287093,0.272557954067078,0.223387776663161
"19",0.277566385706795,0.182388390751216,0.298836449022081,0.241208774519908
"20",0.296948759966778,0.211937885750416,0.239805952186747,0.251307402096059
"21",0.277658206549651,0.186089822378195,0.305575173627006,0.230676797445147
"22",0.310564409843505,0.223468793422794,0.249777680257723,0.216189116475979
"23",0.29660046888056,0.193667454397272,0.26644222501635,0.243289851705818
"24",0.215915920066272,0.407198169287088,0.206024851071436,0.170861059575204
"25",0.286214594118134,0.19182062057462,0.272231098455129,0.249733686852117
"26",0.294622552980362,0.204348213165617,0.25572016453181,0.245309069322211
"27",0.297529271220607,0.200212914102904,0.248129455348312,0.254128359328176
"28",0.271284802154667,0.193894762116071,0.299223332594201,0.235597103135061
"29",0.280571354600788,0.195696192400226,0.289763282064537,0.233969170934449
"30",0.265014289280287,0.181087135740782,0.25311188930699,0.300786685671941
"31",0.293295900692529,0.183008983884171,0.294035509771738,0.229659605651561
"32",0.268058321065581,0.247684910888936,0.27155587028568,0.212700897759803
"33",0.283745939043981,0.195499971527525,0.246406568324725,0.274347521103769
"34",0.276817772235333,0.180356752869758,0.268585182380944,0.274240292513964
"35",0.307748677247991,0.199028302559773,0.24269157298907,0.250531447203165
"36",0.289774825576659,0.185468270410955,0.293508355037626,0.231248548974759
"37",0.282396830724914,0.189099080453826,0.312261556945664,0.216242531875595
"38",0.291663140350868,0.205513242131154,0.270440932102633,0.232382685415344
"39",0.275642707723413,0.191620544945284,0.299513332900016,0.233223414431287
"40",0.308344006000171,0.216364217517336,0.213358926594831,0.261932849887662
"41",0.267791528968559,0.20820054702888,0.294940374558031,0.22906754944453
"42",0.229266510547474,0.143362095889911,0.24020189944186,0.387169494120755
"43",0.280126093463414,0.179077982837411,0.286235296898067,0.254560626801107
"44",0.265602380653802,0.213704814557648,0.318405092105529,0.202287712683021
"45",0.303436512663863,0.187813634391779,0.261149814027036,0.247600038917322
"46",0.251995645891676,0.184086626069497,0.273058553347002,0.290859174691824
"47",0.297918850128834,0.207459182764462,0.257776302020779,0.236845665085925
"48",0.273431708610663,0.243294528472534,0.260870654898966,0.222403108017837
"49",0.290392060043202,0.193174113714402,0.268847816783277,0.247586009459119
"50",0.276238951662136,0.189414400419692,0.315891709478903,0.218454938439269
"51",0.274653715357336,0.197980036911206,0.27254450964634,0.254821738085118
"52",0.26229986056972,0.262965003928766,0.268242399370132,0.206492736131382
"53",0.295112376289781,0.181129496027889,0.242172853761456,0.281585273920874
"54",0.294464595653707,0.187174431010014,0.265896898584654,0.252464074751625
"55",0.283692581488451,0.172545110371264,0.299286751745976,0.244475556394309
"56",0.274310271125646,0.20482225770491,0.278249729533673,0.242617741635771
"57",0.259978640289947,0.215845831172141,0.298792344495429,0.225383184042484
"58",0.268804416758495,0.31075407865103,0.218130448089752,0.202311056500724
"59",0.295497176149498,0.165287201033884,0.284550875272324,0.254664747544294
"60",0.305493155559885,0.193183390571533,0.277313371921967,0.224010081946614
"61",0.301072564057357,0.195832015457207,0.284066531605937,0.219028888879498
"62",0.275276124850062,0.203882906366392,0.279266656481431,0.241574312302115
"63",0.260155661880264,0.18938476530719,0.274378911160463,0.276080661652084
"64",0.30661601296452,0.203656655611211,0.266161182781873,0.223566148642396
"65",0.284461679479371,0.199351948172727,0.259923048411692,0.256263323936211
"66",0.286404396196805,0.213392655683595,0.255084790735126,0.245118157384474
"67",0.314923391466058,0.180189156388166,0.275204045534085,0.229683406611691
"68",0.29412899580698,0.177685731830085,0.274346819034271,0.253838453328664
"69",0.305325198072024,0.184028962683845,0.266282066168644,0.244363773075487
"70",0.253417104272272,0.199839270411937,0.316063187383873,0.230680437931918
"71",0.298088830356356,0.185148222250084,0.253476569866837,0.263286377526724
"72",0.294602897345092,0.197321421081825,0.271610437596834,0.236465243976248
"73",0.29259817640183,0.17091079998168,0.30544003905156,0.23105098456493
"74",0.296276304076299,0.207810050578885,0.245605602949345,0.250308042395471
"75",0.31357228435342,0.197543366460431,0.254663064078369,0.23422128510778
"76",0.303395884091836,0.189437179564429,0.272363947343863,0.234802988999871
"77",0.253073197479261,0.259280323944256,0.243121186684151,0.244525291892332
"78",0.28428479633334,0.182719044889849,0.270709020510719,0.262287138266092
"79",0.294324806207723,0.21739798951279,0.23602529454325,0.252251909736237
"80",0.302708610186489,0.216410584197527,0.246461606743086,0.234419198872897
"81",0.260946893792531,0.180375252545258,0.301247186360089,0.257430667302121
"82",0.259694292858207,0.292180122103811,0.233800863612875,0.214324721425106
"83",0.310821240157921,0.207692086114902,0.2274296351207,0.254057038606477
"84",0.279232919355089,0.21131888465991,0.291575171721336,0.217873024263665
"85",0.280543911717184,0.197409608943203,0.301183507415293,0.220862971924321
"86",0.306044081361782,0.18906729334497,0.273009203246135,0.231879422047113
"87",0.277407713245069,0.205801309315134,0.279114076648712,0.237676900791085
"88",0.240465618124424,0.164386895076237,0.342391024176727,0.252756462622612
"89",0.294766053111556,0.188566719192611,0.302378331130774,0.214288896565059
"90",0.257020547729839,0.176357709837471,0.301722875175281,0.264898867257409
"91",0.267935428607756,0.210387697423482,0.272028021931738,0.249648852037024
"92",0.310604675135837,0.207530864255848,0.231291886334888,0.250572574273428
"93",0.275901814413162,0.192099631582378,0.270507415510712,0.261491138493749
"94",0.256513430429033,0.196083084211734,0.326509718788924,0.22089376657031
"95",0.271737776193699,0.183666607667616,0.304008063099274,0.240587553039411
"96",0.294226799661862,0.191179309281539,0.29062648528693,0.223967405769669
"97",0.293496349659316,0.189010723409979,0.285825755417444,0.231667171513261
"98",0.290449505530844,0.191659997953253,0.265137570036582,0.252752926479321
"99",0.305178490029015,0.193060711169453,0.257308556351809,0.244452242449723
"100",0.243813642847284,0.188070433573254,0.266067683946338,0.302048239633123
"101",0.28555531918305,0.195744402044768,0.24028616037647,0.278414118395713
"102",0.246660780112634,0.165583038985341,0.283912201575002,0.303843979327022
"103",0.293053355354197,0.215616826010191,0.232478923108511,0.258850895527102
"104",0.283113250049329,0.195151727071394,0.279702588864756,0.242032434014522
"105",0.272924857068006,0.183363979110441,0.295280166241256,0.248430997580297
"106",0.279844231366531,0.196459646706508,0.281462294357503,0.242233827569458
"107",0.297052326982842,0.183315193535649,0.287686438596546,0.231946040884962
"108",0.276776729147218,0.191761916849398,0.321309474003561,0.210151879999823
"109",0.286462021355432,0.184481923035259,0.300533541421326,0.228522514187982
"110",0.294904846172562,0.209854297712827,0.268128689237108,0.227112166877504
"111",0.293929922289326,0.175194023073912,0.294432682092051,0.236443372544711
"112",0.291436361941952,0.1971485983771,0.275577425321935,0.235837614359012
"113",0.287399007172166,0.179916878792352,0.291445781489576,0.241238332545907
"114",0.303161495988784,0.183532145699406,0.269061707687041,0.244244650624768
"115",0.274564694266023,0.205981779591267,0.259711999228142,0.259741526914568
"116",0.263638449263356,0.189530548060199,0.317427366479976,0.229403636196469
"117",0.26723968040038,0.249746027120631,0.27301531067912,0.209998981799869
"118",0.280595712661592,0.19960347802872,0.29482366529143,0.224977144018258
"119",0.301850050955005,0.184981189200174,0.301779262360695,0.211389497484125
"120",0.288835027641362,0.180606231704289,0.298839670184833,0.231719070469516
"121",0.310850093075547,0.219880613665449,0.219257096320736,0.250012196938267
"122",0.297056295988513,0.195561930048904,0.274551113779913,0.23283066018267
"123",0.294399805701632,0.207502401900395,0.23188542413324,0.266212368264733
"124",0.261326858519353,0.219363169215672,0.265426705466987,0.253883266797988
"125",0.278808394908738,0.200330683010267,0.259899314880042,0.260961607200953
"126",0.293085983051017,0.187680854180361,0.288885269216113,0.23034789355251
"127",0.285656409349718,0.196020028442675,0.276494930994848,0.241828631212759
"128",0.288373941002743,0.177037794983908,0.295306032539429,0.239282231473921
"129",0.292024344628764,0.185242996727876,0.291448207937143,0.231284450706216
"130",0.275590494378017,0.185202535114468,0.313531642609705,0.225675327897811
"131",0.306046315242228,0.203380489743461,0.277632515640443,0.212940679373867
"132",0.309374819398388,0.17017357778095,0.255498013132801,0.26495358968786
"133",0.309550334163177,0.175555369283867,0.264078169583019,0.250816126969937
"134",0.289525656207593,0.189114249743819,0.27459982150559,0.246760272542998
"135",0.177107849663127,0.135243031897425,0.184111408075637,0.503537710363811
"136",0.275184253411295,0.194700458631078,0.297842671210475,0.232272616747152
"137",0.262581798326449,0.202540088786953,0.31168048783395,0.223197625052648
"138",0.288700522084029,0.189862957528063,0.266177521000178,0.25525899938773
"139",0.278663847973697,0.19338498630692,0.24530551139643,0.282645654322953
"140",0.296969268624903,0.19966231923942,0.224696286736439,0.278672125399237
"141",0.263581608251008,0.263954516093572,0.268935610962018,0.203528264693402
"142",0.293226146517149,0.186955543222343,0.288759896195549,0.231058414064959
"143",0.27400759782256,0.212539861779648,0.269153177929296,0.244299362468496
"144",0.2634816730226,0.229283534090764,0.255994607117391,0.251240185769246
"145",0.307728417764291,0.19342611262847,0.250630225517225,0.248215244090014
"146",0.304569369180353,0.192089893987535,0.295288635928393,0.208052100903717
"147",0.259031522942923,0.21365073499459,0.261900191090055,0.265417550972431
"148",0.297889801793281,0.212194191294136,0.258322291651363,0.23159371526122
"149",0.307891109845902,0.179610709872938,0.270455963908159,0.242042216373001
"150",0.307962755782274,0.183216424942914,0.29235449520825,0.216466324066562
"151",0.287079118510231,0.194147189580344,0.258400554975585,0.26037313693384
"152",0.285593256997391,0.192370655644956,0.283954109506186,0.238081977851467
"153",0.273855862450941,0.181217418417072,0.297954697325882,0.246972021806105
"154",0.277557691902796,0.197161263035768,0.276152053594053,0.249128991467382
"155",0.245109842829816,0.204866821441696,0.315387732996236,0.234635602732253
"156",0.28880763568589,0.194178610977902,0.279222847236098,0.23779090610011
"157",0.267331280001257,0.183462821283392,0.283410612773909,0.265795285941442
"158",0.291849772705621,0.183875566242575,0.291031325636781,0.233243335415023
"159",0.286653432423882,0.206119420250528,0.278437717831759,0.228789429493831
"160",0.286731708596828,0.201365097153172,0.268577322112629,0.243325872137371
"161",0.311775191467709,0.169377283263346,0.284478154887567,0.234369370381379
"162",0.294728881624738,0.190102482632318,0.279552412868717,0.235616222874227
"163",0.268257180838483,0.167582619962364,0.26046507426514,0.303695124934012
"164",0.242249424952673,0.315257113307375,0.221254947495394,0.221238514244559
"165",0.262998282194653,0.167895050248836,0.350016341046993,0.219090326509519
"166",0.271901374023706,0.197288683126734,0.302056161376182,0.228753781473377
"167",0.288606260867132,0.206884136581079,0.292423391716122,0.212086210835667
"168",0.304133513095796,0.195769113836734,0.276988941404709,0.223108431662761
"169",0.203903646848257,0.449756665070557,0.181095396404592,0.165244291676594
"170",0.26255298681945,0.205632586470988,0.288487726407396,0.243326700302165
"171",0.283583268143405,0.204671961427903,0.277991434613904,0.233753335814788
"172",0.279198306945353,0.18910205124365,0.301976317456273,0.229723324354724
"173",0.257757767350881,0.234352802594691,0.27770336948276,0.230186060571668
"174",0.26506066624793,0.194662935627374,0.299121638966523,0.241154759158172
"175",0.300193813871575,0.195161776650407,0.24939419585555,0.255250213622468
"176",0.284090293006931,0.187344282174799,0.285817507688091,0.242747917130178
"177",0.290213992368761,0.169140549333705,0.301984729481437,0.238660728816097
"178",0.316308387501531,0.189052576956353,0.236535267844151,0.258103767697966
"179",0.30106014059916,0.191048815524951,0.264655014334565,0.243236029541324
"180",0.273102207615942,0.208172097887255,0.28898131363654,0.229744380860264
"181",0.2865565233918,0.18532427983144,0.257291958236499,0.270827238540261
"182",0.279954984757123,0.210439132417978,0.266001912714919,0.24360397010998
"183",0.279075845897068,0.19872852248113,0.261308315718193,0.260887315903608
"184",0.292851624743597,0.191290940257519,0.273087060230205,0.242770374768679
"185",0.281906948958374,0.176461120738302,0.309845995585377,0.231785934717947
"186",0.274416293891618,0.182377349055639,0.328772256107334,0.214434100945409
"187",0.274450601196238,0.179973785772167,0.289843326155314,0.255732286876281
"188",0.291538153460281,0.200302775661273,0.266308024859289,0.241851046019157
"189",0.284492143633566,0.227099623998832,0.252860781594421,0.23554745077318
"190",0.282179344195768,0.200868503306136,0.257836672448762,0.259115480049334
"191",0.304255702272461,0.185814449791227,0.271477089477407,0.238452758458905
"192",0.275609537647509,0.201206019708742,0.290216784489172,0.232967658154576
"193",0.228510947722091,0.377816697485998,0.204849294394248,0.188823060397663
"194",0.28772635813227,0.185232271778307,0.260998262491165,0.266043107598258
"195",0.255560959739812,0.19091722213358,0.311978839800504,0.241542978326104
"196",0.287519919714258,0.192307623405518,0.263085434552321,0.257087022327903
"197",0.311886001974116,0.165953234583831,0.313365433703488,0.208795329738566
"198",0.286506036301006,0.195963678595311,0.274264153089164,0.243266132014518
"199",0.316655676281832,0.180263865060018,0.260626869527104,0.242453589131046
"200",0.274639052817741,0.207088375056567,0.288935319124569,0.229337253001124
"201",0.313211076103455,0.174270204103352,0.277856895704339,0.234661824088854
"202",0.304845092230443,0.186865981650934,0.262588714667835,0.245700211450787
"203",0.279083391221557,0.182025410207881,0.281451717820794,0.257439480749767
"204",0.299025977545092,0.200439447874747,0.253120781026177,0.247413793553984
"205",0.272109469335344,0.215518556063524,0.304740920726087,0.207631053875045
"206",0.273578851227452,0.197995131029773,0.288706563039034,0.239719454703741
"207",0.300463462820093,0.19638955442355,0.25142838464983,0.251718598106527
"208",0.309736989073772,0.208342185431477,0.212622298451396,0.269298527043355
"209",0.301001757408041,0.192750531136689,0.292710147539317,0.213537563915953
"210",0.275517117612491,0.174099490293259,0.295272048919291,0.255111343174959
"211",0.271583899774779,0.175202066717687,0.237566366496187,0.315647667011346
"212",0.288950307275286,0.189367468356447,0.281442420422098,0.240239803946169
"213",0.282200548167291,0.210645925950729,0.287582859442913,0.219570666439067
"214",0.283050432019945,0.242376557087171,0.267447610387758,0.207125400505126
"215",0.298871732015537,0.189595138482405,0.276812653022608,0.234720476479451
"216",0.277859047356351,0.206796024687948,0.262819484794591,0.25252544316111
"217",0.26059546140664,0.158997239885952,0.295002362115861,0.285404936591547
"218",0.294366725804941,0.204838181990892,0.276716532038411,0.224078560165755
"219",0.303842776458013,0.229334384585576,0.239446361176318,0.227376477780092
"220",0.289016442495391,0.170579426477603,0.276123183621954,0.264280947405051
"221",0.294172860338162,0.214673997087164,0.248597712022784,0.24255543055189
"222",0.307114646294197,0.198897722876949,0.279767937712565,0.214219693116289
"223",0.300203639924111,0.184321074766662,0.278182881170166,0.237292404139061
"224",0.297265126399174,0.197754269928358,0.270268246292509,0.234712357379959
"225",0.258405112582042,0.166480352785138,0.251146251940589,0.323968282692231
"226",0.215379059815524,0.331857494457233,0.284818032087306,0.167945413639937
"227",0.29341817671342,0.1912216046467,0.272283704733318,0.243076513906562
"228",0.290131727681108,0.196044949418814,0.270347272036123,0.243476050863954
"229",0.313016387920844,0.198767569582305,0.258954853602346,0.229261188894506
"230",0.255712374062511,0.169329861071984,0.263276696688269,0.311681068177237
"231",0.283230435318719,0.192896368492034,0.306297957541505,0.217575238647741
"232",0.299903219128578,0.177802486239262,0.296052089690964,0.226242204941196
"233",0.268231931142668,0.240778548218263,0.239952135235203,0.251037385403866
"234",0.280905468152772,0.177024431420011,0.343763203078512,0.198306897348705
"235",0.264197737107179,0.185254261010014,0.333280203266234,0.217267798616574
"236",0.268346889688398,0.19527094654529,0.284163535385611,0.252218628380701
"237",0.270943876487919,0.226435694420339,0.27450828278262,0.228112146309122
"238",0.299926957549197,0.182406523973029,0.300422181032057,0.217244337445717
"239",0.267194309350893,0.239968309402299,0.273713668913027,0.219123712333781
"240",0.262564966314341,0.165909090595437,0.31745765075884,0.254068292331382
"241",0.168408950505121,0.115294213492888,0.204170084152511,0.51212675184948
"242",0.296023606993379,0.190896012996071,0.285741457958154,0.227338922052396
"243",0.288184122417062,0.187143716065594,0.26654081390662,0.258131347610725
"244",0.282736077027135,0.230968851000233,0.266463521497177,0.219831550475455
"245",0.275451023670435,0.19883702227705,0.293749881021788,0.231962073030727
"246",0.296355423154595,0.178949363887843,0.252495239585512,0.272199973372049
"247",0.288835970484383,0.179894232119918,0.276855981072443,0.254413816323256
"248",0.294044229133806,0.187686170522571,0.265627893423494,0.252641706920129
"249",0.282686662208472,0.231568993518103,0.246253529291331,0.239490814982094
"250",0.270343722790012,0.181454283859186,0.267610195285513,0.28059179806529
"251",0.284655464154419,0.171494833103949,0.27648524654133,0.267364456200302
"252",0.275712526972619,0.217554689918543,0.252266073893081,0.254466709215757
"253",0.241275791494447,0.177733672964443,0.234331780144272,0.346658755396838
"254",0.281483498087388,0.203288086360707,0.271837797961625,0.24339061759028
"255",0.29551428478744,0.200572185289621,0.265832423852091,0.238081106070848
"256",0.248180599798218,0.187943098417997,0.295404614245477,0.268471687538308
"257",0.294288425851383,0.211882716478676,0.271523518268763,0.222305339401178
"258",0.284733233378675,0.187233940011381,0.298682007698969,0.229350818910975
"259",0.307178543628328,0.18018139013892,0.247430939074972,0.26520912715778
"260",0.291883040736866,0.184639486378487,0.26976173941576,0.253715733468886
"261",0.293010737150336,0.195149670963083,0.270624221678397,0.241215370208185
"262",0.253227008628121,0.224611678284652,0.269614305537999,0.252547007549229
"263",0.288730783350429,0.18934272848591,0.284500300105278,0.237426188058384
"264",0.301688379590645,0.187765301973572,0.248792313731033,0.26175400470475
"265",0.195045356324621,0.44059227645269,0.190893169513282,0.173469197709408
"266",0.289122314413127,0.204856738962408,0.259877652094267,0.246143294530198
"267",0.272396544516483,0.180137478833493,0.306974132651652,0.240491843998371
"268",0.311137833614067,0.197445065795388,0.246943923716376,0.244473176874169
"269",0.297837405205249,0.230130441870547,0.222940861305431,0.249091291618772
"270",0.270818543348153,0.20397139492738,0.301619293671926,0.223590768052541
"271",0.298784258599175,0.160262094052043,0.300567059348272,0.24038658800051
"272",0.265978025705884,0.183096705259638,0.280825003921941,0.270100265112537
"273",0.276185493021726,0.191624372297832,0.288870218671021,0.243319916009421
"274",0.257012688988837,0.213049753988567,0.289435055311907,0.240502501710689
"275",0.241744414310483,0.169500453058282,0.305124277898488,0.283630854732747
"276",0.291331757595235,0.159097649125248,0.272660299223377,0.276910294056141
"277",0.238600530091537,0.164258879109334,0.233558522693357,0.363582068105772
"278",0.283550382962159,0.202806753313219,0.263738218612069,0.249904645112553
"279",0.288065079763634,0.164915648131137,0.316038289732609,0.23098098237262
"280",0.288903663570221,0.207218148325932,0.266498144937178,0.237380043166669
"281",0.279866953344336,0.180135521650827,0.287804548333818,0.252192976671018
"282",0.288959615346628,0.185806507431119,0.266727878962072,0.258505998260181
"283",0.308663848584899,0.174743556445896,0.279772795613636,0.23681979935557
"284",0.25910301953575,0.179256487514781,0.275177143061133,0.286463349888336
"285",0.301992683879661,0.19327764993903,0.264951970016666,0.239777696164644
"286",0.287713231103952,0.21314821282545,0.252182057657831,0.246956498412767
"287",0.298086836099763,0.192184184791478,0.256197930569456,0.253531048539303
"288",0.2860667766391,0.18917794185753,0.290060632815042,0.234694648688328
"289",0.315617811946798,0.190796997523809,0.270624562915787,0.222960627613605
"290",0.288972805344807,0.201599048939217,0.269258995489171,0.240169150226805
"291",0.313074196418068,0.208395607965188,0.23240871032486,0.246121485291884
"292",0.268101712086121,0.202711118831016,0.292502579735389,0.236684589347475
"293",0.281620136793601,0.213021416265225,0.280833369265669,0.224525077675505
"294",0.302892587610581,0.204693466588843,0.25703006696046,0.235383878840116
"295",0.270083657611064,0.15975245392841,0.288112266024677,0.282051622435849
"296",0.302320001287095,0.209107783813401,0.270807467127181,0.217764747772322
"297",0.271311750251232,0.194441105440858,0.289953218291364,0.244293926016545
"298",0.294361591738722,0.198300498633828,0.287501134385415,0.219836775242036
"299",0.29503574541538,0.189059783671773,0.261833614139231,0.254070856773616
"300",0.300440808563766,0.224628054267509,0.241383149640146,0.233547987528579
"301",0.303808546246152,0.180852481451912,0.261636136386658,0.253702835915278
"302",0.275893877528181,0.187671408698954,0.254789310407542,0.281645403365323
"303",0.306528446709461,0.19021402441851,0.245149753024477,0.258107775847551
"304",0.300860015275069,0.183530534805477,0.262908916014613,0.252700533904841
"305",0.275355449599201,0.173335341793001,0.303393200583899,0.247916008023898
"306",0.261958446158613,0.201780016405956,0.308388922386435,0.227872615048997
"307",0.265124589565105,0.21255387927651,0.270293741193651,0.252027789964734
"308",0.293558198611642,0.197159211738923,0.22757945300597,0.281703136643466
"309",0.293552285215346,0.181068888925172,0.310691722642054,0.214687103217428
"310",0.293721982209674,0.219720798196756,0.24845387921737,0.2381033403762
"311",0.301978056371913,0.217431568692563,0.26607654398094,0.214513830954584
"312",0.294067329894163,0.208343256894475,0.254894754920111,0.242694658291251
"313",0.225575702838703,0.160802463631318,0.281076468348006,0.332545365181973
"314",0.256700281195299,0.219211078071073,0.269847998901165,0.254240641832463
"315",0.275690395448296,0.189799888837992,0.298946577878675,0.235563137835037
"316",0.27854508036238,0.179665537780838,0.284545580904054,0.257243800952728
"317",0.289151493310366,0.187397243815014,0.298558315600569,0.224892947274051
"318",0.286989502813892,0.203469488604969,0.280876948476943,0.228664060104195
"319",0.279455809959534,0.192520121592828,0.294111368829084,0.233912699618554
"320",0.264048587707896,0.213573074768665,0.247197182097814,0.275181155425626
"321",0.307872314486714,0.197068032087194,0.241184917902519,0.253874735523573
"322",0.266288193125345,0.201700491026547,0.312689256505737,0.219322059342372
"323",0.311968314586082,0.192914191249013,0.257632938355555,0.23748455580935
"324",0.249281224884706,0.189312849624518,0.30862613582857,0.252779789662207
"325",0.295158917582698,0.199041021858233,0.277747924379423,0.228052136179645
"326",0.286451619329878,0.199534580298541,0.267872703879037,0.246141096492544
"327",0.296182468803361,0.193818429951498,0.255868895553167,0.254130205691975
"328",0.261025670536076,0.211342481495359,0.281368451305299,0.246263396663266
"329",0.295299427149823,0.197724631853516,0.262843457547432,0.244132483449229
"330",0.273305961072325,0.200203120976432,0.257954513506231,0.268536404445012
"331",0.32570447802299,0.192663860912815,0.228439337616405,0.253192323447789
"332",0.285782383909382,0.174140022999828,0.320111648937111,0.219965944153678
"333",0.274867395414235,0.175240948756761,0.238441263822855,0.311450392006149
"334",0.300868060686819,0.17526671277862,0.296364214778515,0.227501011756046
"335",0.306777139569418,0.184678021257809,0.261713266520458,0.246831572652316
"336",0.295991012020445,0.244582269355222,0.220138696620606,0.239288022003727
"337",0.287783183412813,0.184529759351135,0.300375525687251,0.227311531548801
"338",0.294821628335871,0.215087298235956,0.259110440945869,0.230980632482303
"339",0.291754803619711,0.184274439296603,0.282812773667543,0.241157983416144
"340",0.288806642819124,0.193095579118953,0.275127581450755,0.242970196611167
"341",0.297293667491451,0.196878821133603,0.275906880937681,0.229920630437265
"342",0.318438487890545,0.184204462740285,0.264540490128161,0.232816559241009
"343",0.325597454615823,0.184526118904134,0.265732932524232,0.224143493955811
"344",0.265480272359826,0.271940009588262,0.243160380516423,0.219419337535489
"345",0.268447741458826,0.203826727068579,0.291181074602518,0.236544456870076
"346",0.290870870055533,0.206633896839647,0.268738959519067,0.233756273585753
"347",0.274556648789102,0.194353250317624,0.276863673089535,0.254226427803738
"348",0.286186156957335,0.186519708630179,0.308267196815747,0.21902693759674
"349",0.291128987842906,0.194994538235731,0.276662385361926,0.237214088559436
"350",0.284202396667377,0.187402326678883,0.271586388341498,0.256808888312243
"351",0.291206725966481,0.187189533605877,0.269233487473571,0.25237025295407
"352",0.292591732486239,0.212788480576249,0.235250149820732,0.25936963711678
"353",0.30716802598777,0.197254580967581,0.27612232770724,0.219455065337408
"354",0.300468498976482,0.170916151881449,0.283643510076431,0.244971839065638
"355",0.290412172807988,0.191084668340244,0.240379717718316,0.278123441133452
"356",0.274326967353129,0.206815394095622,0.267189135927748,0.251668502623501
"357",0.269505955890336,0.213791437839508,0.290769916111531,0.225932690158625
"358",0.273621470162207,0.208070036612961,0.280421996318708,0.237886496906124
"359",0.271108282586238,0.227638668747849,0.263948954521253,0.23730409414466
"360",0.291479700741399,0.176945321217723,0.282103912876608,0.24947106516427
"361",0.285854042710012,0.212214828965301,0.265021407001703,0.236909721322984
"362",0.265932459748049,0.192685059876579,0.299901443374053,0.241481037001319
"363",0.282361047843116,0.174958337449366,0.302314768108232,0.240365846599286
"364",0.308938980044837,0.196110079657182,0.277171865544049,0.217779074753931
"365",0.313600821335441,0.194984243598084,0.262649640562025,0.228765294504449
"366",0.281815397092433,0.202540234073892,0.253020975586288,0.262623393247387
"367",0.264573140213178,0.158638275895916,0.366071180606703,0.210717403284203
"368",0.274044654334509,0.195262496129045,0.270815082837062,0.259877766699383
"369",0.306677207624403,0.190830035932936,0.252300424682738,0.250192331759923
"370",0.294065369307691,0.205108823855829,0.256402676119601,0.24442313071688
"371",0.230565593870876,0.16321960015809,0.24183236621261,0.364382439758424
"372",0.275416017521096,0.19230150627469,0.299738475798072,0.232544000406142
"373",0.263799681555903,0.234996616781395,0.299283461099395,0.201920240563307
"374",0.307238628298754,0.191874192249787,0.269336214262607,0.231550965188852
"375",0.283829413437877,0.177166210809051,0.309373432283223,0.229630943469849
"376",0.294896435581565,0.194994665460099,0.247843128615447,0.262265770342889
"377",0.302078408075566,0.206514049011629,0.261842608266755,0.229564934646049
"378",0.297034534174753,0.194669631257855,0.267593550974891,0.240702283592501
"379",0.303401024539419,0.173739855246684,0.255088971650203,0.267770148563694
"380",0.292802878734797,0.180730181125003,0.289706500723495,0.236760439416704
"381",0.298350208115639,0.195982931233537,0.279929133789408,0.225737726861417
"382",0.284406520612763,0.183261121939625,0.300712397885692,0.23161995956192
"383",0.282300050508687,0.202482698264534,0.245921566609689,0.26929568461709
"384",0.279411804865894,0.182460752731212,0.285583403678433,0.252544038724461
"385",0.252599314452413,0.156042550168164,0.293807094522624,0.297551040856799
"386",0.283398624249083,0.173520992132803,0.309940230960262,0.233140152657852
"387",0.267756475359996,0.261928620467318,0.265357348024609,0.204957556148077
"388",0.307660589715509,0.191685982208688,0.268360183293965,0.232293244781838
"389",0.264450441495497,0.246500142309399,0.276802018155822,0.212247398039282
"390",0.270390291828704,0.196647775586918,0.299098832616782,0.233863099967596
"391",0.231325668497954,0.144176437200154,0.206240148899153,0.418257745402739
"392",0.273986493435419,0.179037850840875,0.264783922240726,0.28219173348298
"393",0.277060567622889,0.189034985020533,0.297770571766169,0.236133875590409
"394",0.303096553622373,0.21070428662434,0.237534962910622,0.248664196842665
"395",0.246704038053269,0.310259081070211,0.222823937283769,0.220212943592751
"396",0.303587903934253,0.1915213413295,0.227599621645103,0.277291133091144
"397",0.244193696938007,0.229673352636273,0.277494866139272,0.248638084286448
"398",0.310424846229205,0.192955750461093,0.267376161786015,0.229243241523687
"399",0.302875079644123,0.18915561498223,0.270707539537069,0.237261765836578
"400",0.299034687132706,0.18098081271263,0.27032570241193,0.249658797742734
"401",0.31156837775037,0.184354863751643,0.246667947877117,0.257408810620869
"402",0.261920311626376,0.251308209737774,0.26683989433352,0.219931584302331
"403",0.276932215572187,0.239677784721174,0.268932804932946,0.214457194773693
"404",0.28719235770223,0.256262242275515,0.241862202972717,0.214683197049538
"405",0.287156525259238,0.204918315450715,0.306616159432786,0.201308999857261
"406",0.29237370793681,0.201577720403206,0.261020124329015,0.245028447330969
"407",0.294569779562765,0.201701093841893,0.25669068630263,0.247038440292712
"408",0.309780485066394,0.177073009867609,0.259956040661695,0.253190464404301
"409",0.278854659469048,0.173914935368254,0.306011374497108,0.24121903066559
"410",0.307168416870722,0.203631688051651,0.25847110302919,0.230728792048437
"411",0.270993241050819,0.193218460214211,0.289726176123322,0.246062122611648
"412",0.284494723392091,0.200043608024959,0.270870694368141,0.24459097421481
"413",0.319214108258956,0.203116032124579,0.255934658071475,0.22173520154499
"414",0.278508437248438,0.179003661096687,0.291952255685909,0.250535645968966
"415",0.28255578483574,0.211724179142817,0.281355029381818,0.224365006639626
"416",0.302975417875156,0.218610866292101,0.246633330534205,0.231780385298538
"417",0.287342880448829,0.168364904842197,0.314232276087035,0.230059938621939
"418",0.287074691472289,0.19163476273002,0.286297270829211,0.234993274968479
"419",0.285636106670141,0.189496924618354,0.2869039899587,0.237962978752805
"420",0.278045900270664,0.188072952164838,0.29038199447146,0.243499153093038
"421",0.285019419846538,0.19357711418276,0.273076249462085,0.248327216508617
"422",0.258626276556002,0.173841371426266,0.294741923832393,0.272790428185339
"423",0.290682086169113,0.232242619919722,0.260979501689944,0.21609579222122
"424",0.285472370710001,0.206652129754122,0.285512315543303,0.222363183992574
"425",0.25097650304789,0.299372574340844,0.254640234007525,0.195010688603742
"426",0.29404261331308,0.196241067339692,0.258623317217148,0.25109300213008
"427",0.299509889505821,0.202388326473886,0.257443758011905,0.240658026008387
"428",0.286357137754574,0.208224465161554,0.263262974651183,0.242155422432688
"429",0.318483710012254,0.189668264126677,0.276207371993253,0.215640653867816
"430",0.271115446048817,0.187620333303076,0.295520543975016,0.24574367667309
"431",0.300860708856051,0.19508903115263,0.253932430745537,0.250117829245782
"432",0.267578443910351,0.173783590381909,0.321349533077662,0.237288432630078
"433",0.294730434802182,0.191131085555145,0.260495741883698,0.253642737758975
"434",0.305251712647305,0.189511612153222,0.276317157872913,0.22891951732656
"435",0.304126750924745,0.177784302531148,0.26592426079417,0.252164685749937
"436",0.279565373261385,0.185100287443533,0.296540338085419,0.238794001209664
"437",0.293861865472972,0.193525226845576,0.297714075322001,0.214898832359452
"438",0.262850291115427,0.227164962728194,0.280779326194107,0.229205419962271
"439",0.293819107844651,0.213018604412563,0.238456887567902,0.254705400174885
"440",0.297293166009563,0.168289757947762,0.309977795250717,0.224439280791958
"441",0.308842375887032,0.177992963496868,0.294967028043291,0.218197632572809
"442",0.29433116176813,0.210164804062173,0.246315659649091,0.249188374520606
"443",0.319647604973576,0.186789139264778,0.269430334741664,0.224132921019982
"444",0.283684550286174,0.189424451737846,0.238905250039513,0.287985747936467
"445",0.273617975496358,0.195530918998428,0.282466700461381,0.248384405043834
"446",0.29896783928487,0.181593073609957,0.296557312292958,0.222881774812214
"447",0.299670025714711,0.184430915491068,0.268402518298633,0.247496540495587
"448",0.309913987175798,0.22482929807273,0.238474963144989,0.226781751606482
"449",0.298733516196238,0.232999929836648,0.245088088856532,0.223178465110581
"450",0.314333534101576,0.194098588446056,0.278476869092277,0.213091008360091
"451",0.277849218829352,0.207500027348248,0.28094242892098,0.23370832490142
"452",0.30564515230977,0.198384182916813,0.246964385080844,0.249006279692573
"453",0.271900575186236,0.190103299856433,0.309680055591707,0.228316069365624
"454",0.265520225796895,0.23562305083919,0.281721935612564,0.217134787751351
"455",0.270188020890069,0.1718786823364,0.287432983515256,0.270500313258275
"456",0.277891910709517,0.203301523227372,0.31084322797854,0.207963338084571
"457",0.277275134483522,0.222298936491913,0.281666020815665,0.2187599082089
"458",0.284399838702633,0.185814309815165,0.302198459040558,0.227587392441644
"459",0.303486114802861,0.19328691979378,0.255732284823108,0.247494680580251
"460",0.285494287145065,0.204232591762154,0.25200795627559,0.25826516481719
"461",0.28909936587916,0.186772038654055,0.288036890752164,0.23609170471462
"462",0.286365826060087,0.202104238207486,0.293726761565245,0.217803174167182
"463",0.298123566261348,0.182564238384252,0.254378441298509,0.264933754055892
"464",0.303712803685585,0.200735950664243,0.236983513585018,0.258567732065154
"465",0.291352200936527,0.216330001669172,0.262551824106219,0.229765973288082
"466",0.283021808351972,0.192535719520504,0.245258825748874,0.279183646378651
"467",0.285119045845711,0.222162389728425,0.261106601298539,0.231611963127324
"468",0.277366784726727,0.215101413068041,0.269566982541773,0.23796481966346
"469",0.276726381599707,0.224758236359379,0.247440295587853,0.251075086453062
"470",0.281335181470751,0.19153738419697,0.281300506338179,0.245826927994099
"471",0.308381341071918,0.182316015425436,0.267464692505482,0.241837950997165
"472",0.274718690499145,0.173410395584933,0.339102473146881,0.212768440769042
"473",0.309054308538723,0.173661721571614,0.293428111879532,0.22385585801013
"474",0.338410378359774,0.177267382693821,0.223611544097226,0.260710694849179
"475",0.286531440094938,0.191894839332625,0.291167225294918,0.230406495277519
"476",0.286748691425866,0.207850178391518,0.310292287735461,0.195108842447154
"477",0.2936860558381,0.176716100041448,0.302955959091698,0.226641885028755
"478",0.260593946455208,0.190995401215665,0.268392387899463,0.280018264429664
"479",0.2491214237486,0.179048852495417,0.33226511142275,0.239564612333233
"480",0.287890482595439,0.199118297198352,0.28461772659206,0.228373493614149
"481",0.311020398159479,0.175713574676106,0.275497242214846,0.237768784949569
"482",0.279483027924596,0.176170464258312,0.340355288682495,0.203991219134597
"483",0.292519557935988,0.211345191154453,0.248275234816022,0.247860016093538
"484",0.309217225966732,0.187984769378737,0.287445906329704,0.215352098324827
"485",0.278850612511125,0.199175783231704,0.276166024590513,0.245807579666658
"486",0.25850188401314,0.240018789271812,0.298938587742408,0.202540738972641
"487",0.258818596835152,0.165909205676369,0.266707604027043,0.308564593461436
"488",0.292043807030244,0.203672546111356,0.263301213837326,0.240982433021074
"489",0.292044585310312,0.209947156150882,0.24771866151746,0.250289597021346
"490",0.288280445877948,0.19917891235125,0.257020332547312,0.25552030922349
"491",0.286802726826471,0.20174980377554,0.28183763688167,0.229609832516319
"492",0.280422982447452,0.17100112545805,0.28740624710968,0.261169644984817
"493",0.265107544374504,0.198489631635513,0.282224947179475,0.254177876810509
"494",0.281285827140011,0.187123019710303,0.293091484344725,0.238499668804961
"495",0.308919670965476,0.191658637438476,0.289469257539949,0.2099524340561
"496",0.290794943569142,0.169556518190322,0.265760388131859,0.273888150108677
"497",0.246619228270222,0.181714043484926,0.30981714976543,0.261849578479422
"498",0.242855608092418,0.19764442778253,0.314369752372941,0.245130211752112
"499",0.299061546048882,0.186929017169211,0.290030838911562,0.223978597870345
"500",0.285582880871535,0.179899011364413,0.282688798580426,0.251829309183627
"501",0.292341199236415,0.185707393442818,0.288350984682269,0.233600422638498
"502",0.304625951552086,0.210204899671747,0.25542264585214,0.229746502924027
"503",0.284608446696837,0.189654478110224,0.29674672038535,0.228990354807588
"504",0.274352834811159,0.188627691880572,0.285441976085031,0.251577497223238
"505",0.260999719943111,0.206691880774448,0.304380795574351,0.22792760370809
"506",0.289559095931378,0.176406843010001,0.301178043690684,0.232856017367937
"507",0.29111248364022,0.186400353124221,0.270717876640393,0.251769286595166
"508",0.305341772271802,0.197746404571936,0.240909772720545,0.256002050435717
"509",0.283664970766723,0.209905233517014,0.276358084167153,0.23007171154911
"510",0.283457859431643,0.180171618042306,0.268619043820285,0.267751478705766
"511",0.294242076825162,0.1837428731608,0.299692677888839,0.222322372125199
"512",0.297108954088735,0.19161258060561,0.28076079824182,0.230517667063835
"513",0.28612905558334,0.189458504967495,0.318055513239827,0.206356926209338
"514",0.302262465376142,0.182573150909534,0.251399910944522,0.263764472769801
"515",0.260915848072349,0.176856422929277,0.314001548687793,0.248226180310582
"516",0.301530652177429,0.192498311303243,0.263236583606999,0.242734452912329
